4294967279,94
4294967279,97
4294967279,96
4294967279,95
4294967278,284
4294967279,280
4294967278,353
4294967279,279
4294967278,352
4294967279,98
4294967279,547
4294967278,351
4294967279,101
4294967279,100
4294967279,99
4294967279,259
4294967278,350
4294967279,546
4294967279,105
4294967279,104
4294967279,103
4294967279,102
4294967278,255
4294967279,545
4294967278,349
4294967279,258
4294967278,348
4294967278,346
4294967279,544
4294967278,347
4294967279,543
4294967278,345
4294967279,256
4294967278,252
4294967279,542
4294967278,250
4294967279,253
4294967279,109
4294967279,108
4294967279,107
4294967279,106
4294967278,344
4294967279,252
4294967278,343
4294967279,249
4294967278,246
4294967279,113
4294967279,112
4294967279,111
4294967279,110
4294967279,248
4294967278,245
4294967279,246
4294967278,243
4294967279,244
4294967278,241
4294967279,242
4294967278,342
4294967279,240
4294967278,238
4294967279,541
4294967279,236
4294967278,237
4294967279,116
4294967279,115
4294967279,114
4294967278,234
4294967278,233
4294967278,230
4294967279,119
4294967279,118
4294967279,117
4294967278,229
4294967278,227
4294967279,128
4294967279,127
4294967279,126
4294967279,125
4294967279,124
4294967279,123
4294967279,122
4294967279,121
4294967279,120
4294967278,225
4294967278,223
4294967278,221
4294967278,219
4294967278,217
4294967278,341
4294967294,428
4294967294,426
4294967294,14
4294967294,13
4294967278,7
4294967278,6
4294967278,5
4294967278,4
4294967279,132
4294967279,131
4294967279,130
4294967279,129
4294967278,340
4294967279,540
4294967279,538
4294967278,339
4294967279,539
4294967278,338
4294967279,537
4294967278,337
4294967279,536
4294967279,88
4294967278,336
4294967278,209
4294967278,19
4294967278,18
4294967278,17
4294967278,16
4294967278,15
4294967278,14
4294967278,13
4294967278,12
4294967278,11
4294967278,10
4294967278,9
4294967278,8
4294967279,535
4294967278,335
4294967279,534
4294967278,207
4294967278,331
4294967278,330
4294967278,329
4294967278,328
4294967278,327
4294967278,326
4294967278,325
4294967278,323
4294967278,322
4294967278,321
4294967278,319
4294967278,318
4294967278,316
4294967278,39
4294967278,38
4294967278,37
4294967278,36
4294967278,35
4294967278,34
4294967278,33
4294967278,32
4294967278,31
4294967278,30
4294967278,29
4294967278,28
4294967278,27
4294967278,26
4294967278,25
4294967278,24
4294967278,23
4294967278,22
4294967278,21
4294967278,20
4294967279,529
4294967279,528
4294967279,527
4294967279,526
4294967279,525
4294967279,524
4294967279,523
4294967279,522
4294967279,521
4294967279,520
4294967279,519
4294967279,515
4294967279,514
4294967279,41
4294967279,40
4294967279,39
4294967279,38
4294967279,37
4294967279,36
4294967279,34
4294967279,33
4294967279,32
4294967279,31
4294967279,29
4294967279,28
4294967279,27
4294967279,26
4294967279,22
4294967279,20
4294967279,19
4294967279,18
4294967279,14
4294967279,12
4294967279,10
4294967294,61
4294967294,30
4294967294,97
4294967294,80
4294967294,386
4294967278,205
4294967294,126
4294967294,127
4294967294,1160
4294967294,1158
4294967294,1156
4294967294,1155
4294967294,1154
4294967294,1153
4294967294,1152
4294967294,1083
4294967294,1082
4294967294,1081
4294967294,1080
4294967294,1078
4294967294,1077
4294967294,1076
4294967294,1073
4294967294,1072
4294967294,1071
4294967294,1070
4294967294,1067
4294967294,1065
4294967294,1056
4294967294,422
4294967294,401
4294967294,190
4294967294,182
4294967294,176
4294967294,173
4294967294,170
4294967294,162
4294967294,161
4294967278,334
4294967279,533
4294967278,333
4294967279,532
4294967278,200
4294967278,332
4294967279,531
4294967278,199
4294967294,1419
4294967294,1079
4294967278,198
4294967279,530
4294967278,197
4294967278,195
23,5
4294967278,194
23,4
23,3
23,2
23,1
4294967278,193
4294967294,392
4294967294,393
4294967294,388
4294967294,114
4294967278,188
4294967294,38
4294967294,37
4294967278,187
4294967278,186
4294967278,184
4294967278,183
4294967294,40
4294967278,180
4294967278,324
4294967278,177
4294967278,176
4294967278,173
4294967278,175
4294967278,172
4294967278,171
4294967278,170
4294967294,89
4294967278,169
19,4
19,3
19,2
19,1
4294967278,168
4294967278,167
18,4
4294967278,166
18,3
18,2
18,1
4294967278,307
0,7
4294967294,1244
4294967278,165
4294967294,11
4294967294,43
4294967294,41
4294967294,1066
4294967294,44
4294967294,389
4294967278,320
